[{"id": 0, "img_name": "DSCF5565", "width": 3118, "height": 2078, "position": [-3.7212285514226, 1.9830705231664232, -0.29418564508802614], "rotation": [[0.45692053375530706, -0.23930622827978038, 0.8567124108703404], [0.639268405842538, 0.7580520782954387, -0.1292012069738752], [-0.6185139700316442, 0.6067038616149328, 0.4993504712896773]], "fy": 3222.7010797592447, "fx": 3222.7010797592447}, {"id": 1, "img_name": "DSCF5573", "width": 3118, "height": 2078, "position": [-3.0001776344381628, 0.32355070034135436, -1.9981505241924933], "rotation": [[0.5729418145418838, -0.5518578049949328, 0.6059625732795948], [0.5527043248997775, 0.8060858135150191, 0.21152680796275192], [-0.6051905537816453, 0.21372558180059878, 0.766854464222163]], "fy": 3222.7010797592447, "fx": 3222.7010797592447}, {"id": 2, "img_name": "DSCF5581", "width": 3118, "height": 2078, "position": [-2.601211591882782, 1.8172164848885932, -2.2812604200884437], "rotation": [[0.7664597598729314, -0.29956584355941324, 0.568154681286765], [0.41538618325679183, 0.9058746183867048, -0.08273750372169014], [-0.48989157499888003, 0.2994185717942007, 0.8187519548739031]], "fy": 3222.7010797592447, "fx": 3222.7010797592447}, {"id": 3, "img_name": "DSCF5589", "width": 3118, "height": 2078, "position": [-1.6957912840447755, 3.119648200183437, -2.27959655831267], "rotation": [[0.9175774592979767, -0.12812506940501214, 0.3763450182721046], [0.2662128216601036, 0.9010937966099832, -0.34228745710991565], [-0.29526655715139105, 0.41426312447642166, 0.8609318927342612]], "fy": 3222.7010797592447, "fx": 3222.7010797592447}, {"id": 4, "img_name": "DSCF5597", "width": 3118, "height": 2078, "position": [-1.3048228491661416, 1.2239871956563482, -3.0985434548884023], "rotation": [[0.9367431345028169, -0.23186701085484784, 0.26220219152225904], [0.2137848783481227, 0.972160189273583, 0.09591971737463477], [-0.277143150287926, -0.03379727309694234, 0.9602340436475343]], "fy": 3222.7010797592447, "fx": 3222.7010797592447}, {"id": 5, "img_name": "DSCF5605", "width": 3118, "height": 2078, "position": [-0.7271316173065085, 2.384356775761995, -2.6950289934079277], "rotation": [[0.9677052459390938, -0.14505458749666433, 0.20616916265079635], [0.185465682348541, 0.9635971120788381, -0.19256969196712473], [-0.1707308924973686, 0.22458800555571923, 0.9593806283783076]], "fy": 3222.7010797592447, "fx": 3222.7010797592447}, {"id": 6, "img_name": "DSCF5613", "width": 3118, "height": 2078, "position": [0.35027316503543693, 3.514083284182348, -2.5727192197555877], "rotation": [[0.9958800080643891, -0.018577697700110005, -0.08875741482172368], [-0.019523122876971326, 0.911910280837346, -0.4099249777413954], [0.08855426139267884, 0.4099689120547022, 0.9077905231593248]], "fy": 3222.7010797592447, "fx": 3222.7010797592447}, {"id": 7, "img_name": "DSCF5621", "width": 3118, "height": 2078, "position": [0.196745339934215, 1.7424939445765226, -3.131921568624304], "rotation": [[0.999380367777207, 0.027910160813670166, -0.021445359051550428], [-0.02794621343367118, 0.9996084712666231, -0.0013832305391984795], [0.02139835639049275, 0.0019816900262011813, 0.9997690649587162]], "fy": 3222.7010797592447, "fx": 3222.7010797592447}, {"id": 8, "img_name": "DSCF5629", "width": 3118, "height": 2078, "position": [1.1982635307827378, 2.608334183515305, -2.7874205208066485], "rotation": [[0.9755646983796273, 0.0667695480569724, -0.20932115690425177], [-0.11758355256419413, 0.9634540287329549, -0.24068743773745607], [0.18560072047772375, 0.25941889285575565, 0.9477627396071464]], "fy": 3222.7010797592447, "fx": 3222.7010797592447}, {"id": 9, "img_name": "DSCF5637", "width": 3118, "height": 2078, "position": [2.2170270078469407, 2.643551918667675, -2.0197428085430604], "rotation": [[0.8750044526434881, 0.16995073938987468, -0.45330337968617035], [-0.3027039662576948, 0.9228049480068391, -0.23833031017047585], [0.3778061892901304, 0.34575681354809157, 0.85890320130917]], "fy": 3222.7010797592447, "fx": 3222.7010797592447}, {"id": 10, "img_name": "DSCF5645", "width": 3118, "height": 2078, "position": [1.9416197151256276, 0.8379623010704979, -2.2319113741636696], "rotation": [[0.8065689348557008, 0.4377206273468881, -0.39729989393503107], [-0.4055838245658598, 0.8987165386671837, 0.16676433784417535], [0.4300561760703712, 0.026631476134887658, 0.9024092474607112]], "fy": 3222.7010797592447, "fx": 3222.7010797592447}, {"id": 11, "img_name": "DSCF5653", "width": 3118, "height": 2078, "position": [2.8408132225167466, 1.83501326518184, -1.4502222651948369], "rotation": [[0.6746649002054111, 0.3123524827957828, -0.6687773911565288], [-0.479182752586132, 0.8745081863663723, -0.07496213445584278], [0.5614366946101762, 0.3710409121235936, 0.7396739007668796]], "fy": 3222.7010797592447, "fx": 3222.7010797592447}, {"id": 12, "img_name": "DSCF5661", "width": 3118, "height": 2078, "position": [3.5405932642765814, 2.0978015693758256, -0.4306125174411023], "rotation": [[0.4921647830994529, 0.1743908269171564, -0.8528550086408703], [-0.550804837513097, 0.821049845322524, -0.14997060534661547], [0.6740829750474637, 0.543566914908376, 0.5001471301208782]], "fy": 3222.7010797592447, "fx": 3222.7010797592447}, {"id": 13, "img_name": "DSCF5669", "width": 3118, "height": 2078, "position": [3.597732884554906, 0.5626034466634771, -0.918454207943218], "rotation": [[0.31410131718435685, 0.6013153885724822, -0.7346837183502685], [-0.6138133609376772, 0.7189803669240685, 0.3260374056946911], [0.7242744786870821, 0.34854990380669526, 0.5949280999237628]], "fy": 3222.7010797592447, "fx": 3222.7010797592447}, {"id": 14, "img_name": "DSCF5677", "width": 3118, "height": 2078, "position": [3.509834149270493, 0.18637305137781016, -0.36213400652129724], "rotation": [[0.09422952186800651, 0.6079208949956385, -0.7883863156069039], [-0.669865584039453, 0.6245478711769754, 0.4015221736439851], [0.7364787142395964, 0.49027761731085595, 0.46607613266072806]], "fy": 3222.7010797592447, "fx": 3222.7010797592447}, {"id": 15, "img_name": "DSCF5685", "width": 3118, "height": 2078, "position": [4.076061199388371, 1.2903109427403936, 0.6546119019618827], "rotation": [[0.0759137904724299, 0.20741573876794486, -0.9753029312615932], [-0.6167485807542697, 0.7783377874441983, 0.11752223948710239], [0.7834910877308702, 0.592595139996792, 0.18700993422404186]], "fy": 3222.7010797592447, "fx": 3222.7010797592447}, {"id": 16, "img_name": "DSCF5693", "width": 3118, "height": 2078, "position": [4.204579137877042, -0.10920823362283001, 0.6376532707265388], "rotation": [[-0.12364039521680913, 0.4756895482870844, -0.8708803053928026], [-0.6487006937684608, 0.625379994336563, 0.4336902957041094], [0.7509330613143548, 0.6185622978601509, 0.23125791033177892]], "fy": 3222.7010797592447, "fx": 3222.7010797592447}, {"id": 17, "img_name": "DSCF5701", "width": 3118, "height": 2078, "position": [3.1721624744355896, -1.2390420292324575, 0.3849378886630966], "rotation": [[-0.42811231871106686, 0.6217471343538558, -0.6558584782486252], [-0.626413002006717, 0.3189483316874851, 0.7112515115138265], [0.651403556549062, 0.7153338120322136, 0.2529247790919165]], "fy": 3222.7010797592447, "fx": 3222.7010797592447}, {"id": 18, "img_name": "DSCF5709", "width": 3118, "height": 2078, "position": [3.8886992373675926, -0.6150514407849095, 1.9927082825045879], "rotation": [[-0.4743170140514768, 0.31008763979035275, -0.8239350859324654], [-0.594315240241322, 0.5776732504562205, 0.5595382122109664], [0.6494711428525449, 0.7550756726028149, -0.0897104411159374]], "fy": 3222.7010797592447, "fx": 3222.7010797592447}, {"id": 19, "img_name": "DSCF5717", "width": 3118, "height": 2078, "position": [3.458964026249186, -1.0788407387434225, 2.811377402896421], "rotation": [[-0.7026382001165745, 0.24069613588005614, -0.6696005749021946], [-0.47694127026839694, 0.5390379968949649, 0.6942370363342998], [0.5280403246454839, 0.8071576104304992, -0.2639507671373932]], "fy": 3222.7010797592447, "fx": 3222.7010797592447}, {"id": 20, "img_name": "DSCF5725", "width": 3118, "height": 2078, "position": [2.5923405704687266, -2.3499422026015426, 1.5266579328963756], "rotation": [[-0.8706961897129242, 0.30333247444144396, -0.38714022675075593], [-0.35759001876231244, 0.14998824121334547, 0.9217553395447713], [0.3376648096870105, 0.9410063429366236, -0.022125524899468438]], "fy": 3222.7010797592447, "fx": 3222.7010797592447}, {"id": 21, "img_name": "DSCF5733", "width": 3118, "height": 2078, "position": [2.2461007464805585, -2.2863990268850727, 2.936890061816201], "rotation": [[-0.9272690572288782, 0.13819782110190224, -0.3479561146876906], [-0.2732774030821254, 0.3854333211783699, 0.8813402384380852], [0.25591318150997266, 0.9123280754027565, -0.3196340506913263]], "fy": 3222.7010797592447, "fx": 3222.7010797592447}, {"id": 22, "img_name": "DSCF5741", "width": 3118, "height": 2078, "position": [1.3991760657049117, -1.7778561858785187, 4.008742949543734], "rotation": [[-0.9860316649419454, 0.03312518030194577, -0.16323075127493142], [-0.12065941609922583, 0.5335162648642391, 0.8371389970798786], [0.11481664094724606, 0.8451408862167742, -0.5220670660042791]], "fy": 3222.7010797592447, "fx": 3222.7010797592447}, {"id": 23, "img_name": "DSCF5749", "width": 3118, "height": 2078, "position": [0.862035189420847, -2.4953135901950225, 2.309513379613651], "rotation": [[-0.9989531832479719, -0.004968569731402323, -0.04547362965024483], [-0.0457189947295938, 0.14147993664902728, 0.9888848269878058], [0.0015202630229033303, 0.9899286544194036, -0.1415589910946307]], "fy": 3222.7010797592447, "fx": 3222.7010797592447}, {"id": 24, "img_name": "DSCF5757", "width": 3118, "height": 2078, "position": [-0.3475226110217008, -2.34664759254792, 2.6247614016868743], "rotation": [[-0.9326101065504964, -0.25078228584886575, 0.25951230079572246], [0.17269044433111178, 0.3213067535126564, 0.9310961178008854], [-0.31688546763238434, 0.9131649441648397, -0.25634622125522005]], "fy": 3222.7010797592447, "fx": 3222.7010797592447}, {"id": 25, "img_name": "DSCF5765", "width": 3118, "height": 2078, "position": [-1.2718986455475116, -1.7201294005012513, 3.7239908692733827], "rotation": [[-0.845736406517727, -0.15812661402356704, 0.5096331078608641], [0.3295299184666347, 0.5964210130194041, 0.7319098360209956], [-0.4196903185991481, 0.7869421510926642, -0.452307514096102]], "fy": 3222.7010797592447, "fx": 3222.7010797592447}, {"id": 26, "img_name": "DSCF5773", "width": 3118, "height": 2078, "position": [-1.284544152367772, -2.4579435673013714, 1.9787675130325415], "rotation": [[-0.810001353458943, -0.3857826447845559, 0.44166679564770733], [0.37430856695939585, 0.23965531970621626, 0.895800437841663], [-0.45143205922429114, 0.8909192324333024, -0.04971938439855802]], "fy": 3222.7010797592447, "fx": 3222.7010797592447}, {"id": 27, "img_name": "DSCF5781", "width": 3118, "height": 2078, "position": [-2.0517522737868434, -1.8809346155441056, 1.7188130466993476], "rotation": [[-0.5817026025314479, -0.4786971437964017, 0.657625369590702], [0.5121854041670335, 0.4125100287053401, 0.7533270126417689], [-0.6318925493835109, 0.7750383995252665, 0.0052235328007459135]], "fy": 3222.7010797592447, "fx": 3222.7010797592447}, {"id": 28, "img_name": "DSCF5789", "width": 3118, "height": 2078, "position": [-2.9226301898265947, -0.6865960529693023, 2.600173224028948], "rotation": [[-0.517050764918814, -0.21097865983005165, 0.8295459671369538], [0.5735223018562167, 0.6340310518530285, 0.5187261267371144], [-0.6353980451421106, 0.7439708531807261, -0.20682527371461767]], "fy": 3222.7010797592447, "fx": 3222.7010797592447}, {"id": 29, "img_name": "DSCF5797", "width": 3118, "height": 2078, "position": [-2.7237530014395013, -1.4299358758091822, 1.245759602710627], "rotation": [[-0.456374435294726, -0.5327107333897975, 0.7127002520981203], [0.5547027660961883, 0.4559469543797839, 0.6960008736180127], [-0.6957206451548335, 0.7129738068983345, 0.08741358351102584]], "fy": 3222.7010797592447, "fx": 3222.7010797592447}, {"id": 30, "img_name": "DSCF5805", "width": 3118, "height": 2078, "position": [-2.8952940389642086, -1.12766126895708, 0.79777305912059], "rotation": [[-0.2905636698760127, -0.5213826883955849, 0.8023296367389001], [0.6087729767606225, 0.5461821587839109, 0.5753959612233625], [-0.7382196262049621, 0.6556257634257056, 0.1587029987689802]], "fy": 3222.7010797592447, "fx": 3222.7010797592447}, {"id": 31, "img_name": "DSCF5813", "width": 3118, "height": 2078, "position": [-3.629676945450682, 0.4400345887574563, 1.0751251263720967], "rotation": [[-0.008307751729859113, -0.32732992476524714, 0.9448735902830454], [0.6515682471235168, 0.7150061812734878, 0.2534264786503008], [-0.7585445277645751, 0.6177550332404272, 0.20733769147103012]], "fy": 3222.7010797592447, "fx": 3222.7010797592447}, {"id": 32, "img_name": "DSCF5821", "width": 3118, "height": 2078, "position": [-3.1629208078909357, -0.6483269143200538, -0.1702502269168792], "rotation": [[0.08240976111186067, -0.6168570557194966, 0.7827490045235191], [0.6311448984739784, 0.6401462943732937, 0.4380283540256408], [-0.7712747554560292, 0.45793022897512936, 0.4420804870009848]], "fy": 3222.7010797592447, "fx": 3222.7010797592447}, {"id": 33, "img_name": "DSCF5829", "width": 3118, "height": 2078, "position": [-3.253366741139211, 0.09141337162298986, -0.39051463664180636], "rotation": [[0.22251087486701454, -0.4758424738177493, 0.8509188273136987], [0.6527952347066834, 0.7209804515160388, 0.23247703128690986], [-0.7241182859934981, 0.5037470879744453, 0.4710536904081155]], "fy": 3222.7010797592447, "fx": 3222.7010797592447}, {"id": 34, "img_name": "DSCF5837", "width": 3118, "height": 2078, "position": [-3.235033143816531, 1.509063139867122, -0.34745514150123613], "rotation": [[0.4423097005244521, -0.36000297913385737, 0.8214377540853092], [0.6460398489280548, 0.7631862013883792, -0.013391624524016262], [-0.6220889344932808, 0.5366047679858273, 0.570140930433775]], "fy": 3222.7010797592447, "fx": 3222.7010797592447}, {"id": 35, "img_name": "DSCF5845", "width": 3118, "height": 2078, "position": [-2.7071461176836036, -0.13888050154974663, -1.306470558057557], "rotation": [[0.48331768895037464, -0.600907601700647, 0.6366428086188088], [0.5225511936606347, 0.7814838129621775, 0.34091538551661477], [-0.7023846962680173, 0.16790802332370156, 0.691709934981429]], "fy": 3222.7010797592447, "fx": 3222.7010797592447}, {"id": 36, "img_name": "DSCF5853", "width": 3118, "height": 2078, "position": [-2.225150816533144, -1.8153853404826732, 0.23358164593616632], "rotation": [[-0.5083382903864331, -0.5890847027365697, 0.6281491825424638], [0.6599269610521612, 0.20214247592725315, 0.723626164191469], [-0.5532527348359494, 0.7823794683066312, 0.28599611705191985]], "fy": 3222.7010797592447, "fx": 3222.7010797592447}, {"id": 37, "img_name": "DSCF5566", "width": 3118, "height": 2078, "position": [-3.7020803064083108, 1.8794220892960538, -0.3991010983959034], "rotation": [[0.471841869481305, -0.25834562614698414, 0.8429844527956075], [0.6248371908349101, 0.7725369608598944, -0.11298287062602093], [-0.6220480167590968, 0.5800380862978574, 0.5259392391617058]], "fy": 3222.7010797592447, "fx": 3222.7010797592447}, {"id": 38, "img_name": "DSCF5567", "width": 3118, "height": 2078, "position": [-3.6551355453662895, 1.6494498010099141, -0.644314993024306], "rotation": [[0.4878881723340415, -0.2836443239863127, 0.8255368124843957], [0.6045060232025135, 0.7920392580249198, -0.08512509418036801], [-0.6297123146393364, 0.540573502141644, 0.5578912883115197]], "fy": 3222.7010797592447, "fx": 3222.7010797592447}, {"id": 39, "img_name": "DSCF5568", "width": 3118, "height": 2078, "position": [-3.6178516149766975, 1.4268178330952328, -0.9407561748828808], "rotation": [[0.48608906519309003, -0.34096668597982, 0.8046484572480372], [0.6013096468126071, 0.7986300198964867, -0.02483545792279373], [-0.6341483496389513, 0.4959151241614597, 0.5932318773280129]], "fy": 3222.7010797592447, "fx": 3222.7010797592447}, {"id": 40, "img_name": "DSCF5569", "width": 3118, "height": 2078, "position": [-3.5738527487371865, 1.1798907852423568, -1.1972867731226364], "rotation": [[0.4944496214982032, -0.3958240967882853, 0.773849375655251], [0.583308354247732, 0.8111537446016055, 0.042201498594196786], [-0.6444151888845315, 0.43052629074254173, 0.6319621644642835]], "fy": 3222.7010797592447, "fx": 3222.7010797592447}, {"id": 41, "img_name": "DSCF5570", "width": 3118, "height": 2078, "position": [-3.5037955859358725, 0.9527295927054441, -1.4001075463484411], "rotation": [[0.5075053426654191, -0.4561750946314446, 0.730987421371974], [0.5728892225496824, 0.8123267639085655, 0.10919325677100244], [-0.6436118907015901, 0.36335865432906667, 0.6735979679836438]], "fy": 3222.7010797592447, "fx": 3222.7010797592447}, {"id": 42, "img_name": "DSCF5571", "width": 3118, "height": 2078, "position": [-3.3417373009503164, 0.7118185651319816, -1.6446872360545979], "rotation": [[0.5120049657935942, -0.4781450752328068, 0.7136022716004441], [0.5742441366342961, 0.8083579337640944, 0.12961914388614024], [-0.6388228131053496, 0.3434162750238513, 0.6884552821388693]], "fy": 3222.7010797592447, "fx": 3222.7010797592447}, {"id": 43, "img_name": "DSCF5572", "width": 3118, "height": 2078, "position": [-3.163531827623638, 0.5140296521063225, -1.826595772209033], "rotation": [[0.5391757974226905, -0.5279909310031277, 0.656136446367717], [0.5651706604496205, 0.8044421784511404, 0.18290682353516322], [-0.6243969763223916, 0.2722101363050866, 0.7321407362332877]], "fy": 3222.7010797592447, "fx": 3222.7010797592447}, {"id": 44, "img_name": "DSCF5574", "width": 3118, "height": 2078, "position": [-2.837261635065045, 0.15750751900245866, -2.14193929618645], "rotation": [[0.5975077771368583, -0.5703600568708229, 0.5636256397532691], [0.5253125697889333, 0.8094838566590261, 0.2622643510471378], [-0.6058309667578222, 0.13937464380130538, 0.7832902070002802]], "fy": 3222.7010797592447, "fx": 3222.7010797592447}, {"id": 45, "img_name": "DSCF5575", "width": 3118, "height": 2078, "position": [-2.637328086500816, 0.04459662112012429, -2.288946333977217], "rotation": [[0.6811424983885158, -0.5306229788837543, 0.5044642218924764], [0.4733123366700177, 0.8448112726382795, 0.24953826475965304], [-0.5585877986897124, 0.06879802252842529, 0.8265872629378944]], "fy": 3222.7010797592447, "fx": 3222.7010797592447}, {"id": 46, "img_name": "DSCF5576", "width": 3118, "height": 2078, "position": [-2.487937177992439, 0.23142230462912966, -2.412487522069285], "rotation": [[0.7108835766498135, -0.48926076925747325, 0.5052409723242507], [0.45375078189098866, 0.867923697658901, 0.2020363407296245], [-0.5373590683917833, 0.08562916972437623, 0.838995159050056]], "fy": 3222.7010797592447, "fx": 3222.7010797592447}, {"id": 47, "img_name": "DSCF5577", "width": 3118, "height": 2078, "position": [-2.469079037612365, 0.5336060851713882, -2.399143104486774], "rotation": [[0.7386106250323943, -0.4454417111462436, 0.5060000262454163], [0.4476539060339713, 0.8852989858405178, 0.12590347923023879], [-0.5040439712979257, 0.13351924071405294, 0.8532949591772817]], "fy": 3222.7010797592447, "fx": 3222.7010797592447}, {"id": 48, "img_name": "DSCF5578", "width": 3118, "height": 2078, "position": [-2.4983859518198024, 0.9325062554445885, -2.3864111269757116], "rotation": [[0.7467065839349891, -0.41659754444846686, 0.5185323167051852], [0.43909702517177845, 0.8942971510104316, 0.08617661039934203], [-0.499622937817544, 0.16333735535428817, 0.8507043131149823]], "fy": 3222.7010797592447, "fx": 3222.7010797592447}, {"id": 49, "img_name": "DSCF5579", "width": 3118, "height": 2078, "position": [-2.5690751623846313, 1.29630719585694, -2.3733110635008456], "rotation": [[0.7506294852021139, -0.36712155694129994, 0.5493424600139744], [0.4205425573587932, 0.9067318168708731, 0.031326821162885446], [-0.5096070382121262, 0.20750704735753198, 0.835009875331797]], "fy": 3222.7010797592447, "fx": 3222.7010797592447}, {"id": 50, "img_name": "DSCF5580", "width": 3118, "height": 2078, "position": [-2.6623867820743343, 1.5716633963663262, -2.342146960702693], "rotation": [[0.7594053215957622, -0.3280994950843532, 0.561831183592927], [0.41422436096211745, 0.9097244761762776, -0.028627892540715884], [-0.5017187821056355, 0.2544643369338616, 0.8267564120774921]], "fy": 3222.7010797592447, "fx": 3222.7010797592447}, {"id": 51, "img_name": "DSCF5582", "width": 3118, "height": 2078, "position": [-2.496195905069773, 2.131663119352741, -2.1903247843338534], "rotation": [[0.7983877274364479, -0.2443487375526607, 0.5503369251061434], [0.38257217090226603, 0.9116274929219335, -0.1502459590138702], [-0.46498986088945143, 0.33049812193912864, 0.8213132293252785]], "fy": 3222.7010797592447, "fx": 3222.7010797592447}, {"id": 52, "img_name": "DSCF5583", "width": 3118, "height": 2078, "position": [-2.429730805674473, 2.3826740647501268, -2.118655387921944], "rotation": [[0.8195293382239074, -0.190659239187946, 0.5403894135737285], [0.36250798079905666, 0.9028419746536123, -0.23122355559189284], [-0.4438013380413304, 0.38538996265580144, 0.8090209818273469]], "fy": 3222.7010797592447, "fx": 3222.7010797592447}, {"id": 53, "img_name": "DSCF5584", "width": 3118, "height": 2078, "position": [-2.4118388794050167, 2.6626495101698096, -1.966433060116026], "rotation": [[0.8286492477918423, -0.17302720332082613, 0.5323551549905263], [0.34745650468107914, 0.9046301303653611, -0.24681633776951847], [-0.4388785726016037, 0.38949443403741124, 0.8097405043376893]], "fy": 3222.7010797592447, "fx": 3222.7010797592447}, {"id": 54, "img_name": "DSCF5585", "width": 3118, "height": 2078, "position": [-2.487045777099032, 2.8565250698860614, -1.8057770466916845], "rotation": [[0.8390904439291083, -0.15157555112277957, 0.5224481593504541], [0.3448534753827826, 0.8909742395398023, -0.295365849401869], [-0.4207176100703041, 0.4280067251554544, 0.7998793257726035]], "fy": 3222.7010797592447, "fx": 3222.7010797592447}, {"id": 55, "img_name": "DSCF5586", "width": 3118, "height": 2078, "position": [-2.4543486588691406, 3.0269657778486065, -1.7816681172854762], "rotation": [[0.8559068200372619, -0.11779251021748305, 0.5035359370991965], [0.3342297297267267, 0.8690156346677133, -0.36483189892040785], [-0.39460613677501416, 0.4805587906174808, 0.7831661672849274]], "fy": 3222.7010797592447, "fx": 3222.7010797592447}, {"id": 56, "img_name": "DSCF5587", "width": 3118, "height": 2078, "position": [-2.1728855799187574, 3.1654601339833306, -1.8701072971600794], "rotation": [[0.8774730985266822, -0.11101057458834965, 0.4666022006929973], [0.31803087074504793, 0.8628889473547188, -0.39278369338124514], [-0.3590227382981895, 0.49305102865994493, 0.7924666280180132]], "fy": 3222.7010797592447, "fx": 3222.7010797592447}, {"id": 57, "img_name": "DSCF5588", "width": 3118, "height": 2078, "position": [-1.9080024642363997, 3.2052962198401427, -2.0427439840765707], "rotation": [[0.9109170772900111, -0.11311592489712557, 0.3967806268406911], [0.2744749358709045, 0.8841514776589596, -0.3780736358596575], [-0.30804802852816104, 0.4533000684846032, 0.8364361661428608]], "fy": 3222.7010797592447, "fx": 3222.7010797592447}, {"id": 58, "img_name": "DSCF5590", "width": 3118, "height": 2078, "position": [-1.6449328480084444, 2.9722855890685045, -2.4275346680982772], "rotation": [[0.9217599999203664, -0.17033266827425442, 0.34834650086570285], [0.2739208401433421, 0.9218821478370909, -0.2740450306691178], [-0.27445559910843836, 0.34802311362586946, 0.8964117561144449]], "fy": 3222.7010797592447, "fx": 3222.7010797592447}, {"id": 59, "img_name": "DSCF5591", "width": 3118, "height": 2078, "position": [-1.6085096926069398, 2.7039712126952495, -2.6061980056562644], "rotation": [[0.9196343198682785, -0.18508273210431256, 0.3464348423545359], [0.2738347062832467, 0.9344366634800286, -0.2276898670979441], [-0.281579955528047, 0.3042572993719538, 0.9100221010633248]], "fy": 3222.7010797592447, "fx": 3222.7010797592447}, {"id": 60, "img_name": "DSCF5592", "width": 3118, "height": 2078, "position": [-1.5723208830555089, 2.4594896514326257, -2.7511837747896504], "rotation": [[0.9163215020729905, -0.20547260838090764, 0.3437090514429967], [0.2743997158730331, 0.94731388378139, -0.16523075235505696], [-0.29164996274214927, 0.24571815724558407, 0.9244257062805735]], "fy": 3222.7010797592447, "fx": 3222.7010797592447}, {"id": 61, "img_name": "DSCF5593", "width": 3118, "height": 2078, "position": [-1.5533628554349677, 2.2046250594324532, -2.8909134319225984], "rotation": [[0.9192066719917518, -0.21832326225226853, 0.3277103100687792], [0.26528159201299134, 0.9583678294436717, -0.10562566178007192], [-0.2910064794895485, 0.18402732581590306, 0.9388552456306277]], "fy": 3222.7010797592447, "fx": 3222.7010797592447}, {"id": 62, "img_name": "DSCF5594", "width": 3118, "height": 2078, "position": [-1.5088351644315487, 1.9365352929124593, -2.9995716614162085], "rotation": [[0.9214750996995337, -0.2274404395672219, 0.3148880548436279], [0.25159377287628476, 0.9670972575471289, -0.03772887348833287], [-0.29594630270305994, 0.11399009121099542, 0.948378640112744]], "fy": 3222.7010797592447, "fx": 3222.7010797592447}, {"id": 63, "img_name": "DSCF5595", "width": 3118, "height": 2078, "position": [-1.4154619212072042, 1.6924579606335408, -3.024333322426438], "rotation": [[0.9196792491486308, -0.242944207775972, 0.30849342066487584], [0.24819861229151244, 0.9684422856587072, 0.022737374622117883], [-0.3042819868838413, 0.05565654729000345, 0.9509546893526407]], "fy": 3222.7010797592447, "fx": 3222.7010797592447}, {"id": 64, "img_name": "DSCF5596", "width": 3118, "height": 2078, "position": [-1.3320052929564838, 1.4612294462151838, -3.047893467816584], "rotation": [[0.9256836976947891, -0.24123015212985216, 0.2914064267059168], [0.23203995880063244, 0.9704475406298818, 0.06624974268036408], [-0.29877608562584673, 0.006291628471392775, 0.9543025023907641]], "fy": 3222.7010797592447, "fx": 3222.7010797592447}, {"id": 65, "img_name": "DSCF5598", "width": 3118, "height": 2078, "position": [-1.1898682503840963, 1.0557501991331821, -3.1084828049371644], "rotation": [[0.9532031714521156, -0.20674647122843928, 0.22058923493275204], [0.1777510738294932, 0.9734435719078391, 0.14426423002175365], [-0.2445572932588411, -0.09830314819931005, 0.9646389072435414]], "fy": 3222.7010797592447, "fx": 3222.7010797592447}, {"id": 66, "img_name": "DSCF5599", "width": 3118, "height": 2078, "position": [-0.9289281168262664, 0.9718339528058533, -3.0763907706933], "rotation": [[0.9680268098150423, -0.16877124062803195, 0.18558115156498745], [0.14847388381302234, 0.9818025626128049, 0.11840284571076255], [-0.20218704534363485, -0.0870631746710653, 0.9754693241262927]], "fy": 3222.7010797592447, "fx": 3222.7010797592447}, {"id": 67, "img_name": "DSCF5600", "width": 3118, "height": 2078, "position": [-0.7136744348563323, 1.1468723174544753, -3.047730474199431], "rotation": [[0.9795105976076087, -0.14942957933400564, 0.13501773955465043], [0.14289152810153596, 0.9880992855564416, 0.05693692193698031], [-0.14191899228501184, -0.03647742730665014, 0.9892059426256469]], "fy": 3222.7010797592447, "fx": 3222.7010797592447}, {"id": 68, "img_name": "DSCF5601", "width": 3118, "height": 2078, "position": [-0.5795130336269094, 1.399463997474284, -2.9946063652878614], "rotation": [[0.9810935761398734, -0.13295370010737675, 0.1406367963401896], [0.13516205172308496, 0.990803946183876, -0.006225753003854849], [-0.13851575589470083, 0.02511680421981719, 0.9900416817057263]], "fy": 3222.7010797592447, "fx": 3222.7010797592447}, {"id": 69, "img_name": "DSCF5602", "width": 3118, "height": 2078, "position": [-0.5574538005149253, 1.6409459898000078, -2.9604403792806586], "rotation": [[0.9784970887014365, -0.1326429182316263, 0.15795348570326337], [0.1434104578331266, 0.9879153234020867, -0.058794169536133145], [-0.14824603868874864, 0.08018210542476818, 0.9856946494643996]], "fy": 3222.7010797592447, "fx": 3222.7010797592447}, {"id": 70, "img_name": "DSCF5603", "width": 3118, "height": 2078, "position": [-0.6168055095874339, 1.9457223556269398, -2.8436221717097494], "rotation": [[0.9689358974407878, -0.1514381756715113, 0.19552418162442065], [0.16838220564791775, 0.9830100098755019, -0.07306677292523626], [-0.18113712891551878, 0.10371981215684008, 0.9779731801508632]], "fy": 3222.7010797592447, "fx": 3222.7010797592447}, {"id": 71, "img_name": "DSCF5604", "width": 3118, "height": 2078, "position": [-0.7164386744382626, 2.1732786001090934, -2.7037856715943986], "rotation": [[0.9670301618478917, -0.15027394799570185, 0.20559768148066593], [0.18143814858839052, 0.9730721141415565, -0.14216490043923863], [-0.1786976897255737, 0.17478100936276397, 0.9682555109333878]], "fy": 3222.7010797592447, "fx": 3222.7010797592447}, {"id": 72, "img_name": "DSCF5606", "width": 3118, "height": 2078, "position": [-0.647521094955659, 2.6177283416781942, -2.72114457552533], "rotation": [[0.9757499179949718, -0.10128238328013144, 0.19404632531924487], [0.1499756250686302, 0.9550665511320283, -0.25564662093218876], [-0.1594346556369704, 0.2785493883422995, 0.9470959976876956]], "fy": 3222.7010797592447, "fx": 3222.7010797592447}, {"id": 73, "img_name": "DSCF5607", "width": 3118, "height": 2078, "position": [-0.5984016063774663, 2.9053038788263255, -2.7235401875346494], "rotation": [[0.9839286086085007, -0.08579169193366193, 0.15660229486472826], [0.12914312111107865, 0.9475681698315204, -0.29229542896157695], [-0.12331483054129748, 0.3078219438527778, 0.9434188377657445]], "fy": 3222.7010797592447, "fx": 3222.7010797592447}, {"id": 74, "img_name": "DSCF5608", "width": 3118, "height": 2078, "position": [-0.5548126000572577, 3.1629471845765655, -2.667564650718913], "rotation": [[0.9857828264107442, -0.08084349372976164, 0.14729748360108022], [0.12878706617944166, 0.9265831012242909, -0.35335201727239035], [-0.10791714756486394, 0.3672983610733126, 0.9238213048064662]], "fy": 3222.7010797592447, "fx": 3222.7010797592447}, {"id": 75, "img_name": "DSCF5609", "width": 3118, "height": 2078, "position": [-0.5341449908608601, 3.4411615237138427, -2.550249565886766], "rotation": [[0.9908067975029697, -0.06606717553560112, 0.11805514956433312], [0.10800276485737213, 0.9118043972052405, -0.39616681337581894], [-0.08146958208480133, 0.40527505419645043, 0.9105574323682124]], "fy": 3222.7010797592447, "fx": 3222.7010797592447}, {"id": 76, "img_name": "DSCF5610", "width": 3118, "height": 2078, "position": [-0.4026247074473412, 3.6552254835823335, -2.4814124622259888], "rotation": [[0.9966277094663756, -0.0497565215689602, 0.06524950026753588], [0.07391363102860508, 0.8897048567671952, -0.45051308859236455], [-0.03563683308001422, 0.4538166550560062, 0.8903821986775146]], "fy": 3222.7010797592447, "fx": 3222.7010797592447}, {"id": 77, "img_name": "DSCF5611", "width": 3118, "height": 2078, "position": [-0.10748981013642864, 3.734613059542768, -2.439554420187365], "rotation": [[0.9991190415920963, -0.040024330525270185, -0.012617198345707181], [0.029551871163644546, 0.8844832179724865, -0.4656351834169775], [0.02979643667988413, 0.464852116367172, 0.8848868189040578]], "fy": 3222.7010797592447, "fx": 3222.7010797592447}, {"id": 78, "img_name": "DSCF5612", "width": 3118, "height": 2078, "position": [0.15124767639454384, 3.666997814131354, -2.465606767155219], "rotation": [[0.996428068253431, -0.034355124879817026, -0.07714162424546235], [-0.004073402359866078, 0.8928863308538841, -0.4502637089167887], [0.08434756777732577, 0.4489696265548262, 0.8895570595758707]], "fy": 3222.7010797592447, "fx": 3222.7010797592447}, {"id": 79, "img_name": "DSCF5614", "width": 3118, "height": 2078, "position": [0.4354366479541347, 3.3056280814214185, -2.741262437529728], "rotation": [[0.9953139760899792, -0.011477849578989702, -0.09601222822640017], [-0.02548147406734327, 0.9266998103017113, -0.37493753621920467], [0.0932779903262907, 0.37562710306341607, 0.9220648003068298]], "fy": 3222.7010797592447, "fx": 3222.7010797592447}, {"id": 80, "img_name": "DSCF5615", "width": 3118, "height": 2078, "position": [0.4622443863718803, 3.1155206396246644, -2.8519155497867055], "rotation": [[0.9961754805080375, -0.016894269669941297, -0.08572628352436527], [-0.010367089122786449, 0.9513448938012989, -0.3079535947205605], [0.0867579131705043, 0.30766455221639427, 0.9475313123120441]], "fy": 3222.7010797592447, "fx": 3222.7010797592447}, {"id": 81, "img_name": "DSCF5616", "width": 3118, "height": 2078, "position": [0.3732600491789516, 2.8417478931595053, -2.9141691044845857], "rotation": [[0.9978033857358611, -0.02704321772283247, -0.06047369501897349], [0.009731773527094143, 0.9628143666273775, -0.2699884960511085], [0.06552630004868035, 0.26880691916525795, 0.9609626133262484]], "fy": 3222.7010797592447, "fx": 3222.7010797592447}, {"id": 82, "img_name": "DSCF5617", "width": 3118, "height": 2078, "position": [0.2937156408830651, 2.613170015399545, -2.8884215359875394], "rotation": [[0.9995961069345856, -0.014941996017306516, -0.0241735342107765], [0.009730196600117922, 0.9791557128921776, -0.20287782822362455], [0.0267010538245935, 0.20256067403528805, 0.978905627248626]], "fy": 3222.7010797592447, "fx": 3222.7010797592447}, {"id": 83, "img_name": "DSCF5618", "width": 3118, "height": 2078, "position": [0.22076043637224138, 2.3574002333299915, -2.9259255927457017], "rotation": [[0.9997039947954818, -0.024075991560868103, -0.0035027732322317957], [0.023315915756092435, 0.9891982170767777, -0.1447178475675306], [0.006949162712890815, 0.1445933399658685, 0.9894667630472004]], "fy": 3222.7010797592447, "fx": 3222.7010797592447}, {"id": 84, "img_name": "DSCF5619", "width": 3118, "height": 2078, "position": [0.14406718208062966, 2.1134467162881982, -2.9835549580141985], "rotation": [[0.9997766593503762, -0.01944834069012768, 0.008270034014579713], [0.02015438801122852, 0.9951558629375852, -0.09622166650418647], [-0.006358621084356994, 0.09636685376907744, 0.9953255735851233]], "fy": 3222.7010797592447, "fx": 3222.7010797592447}, {"id": 85, "img_name": "DSCF5620", "width": 3118, "height": 2078, "position": [0.13204927080262002, 1.9113427636689824, -3.083629165790495], "rotation": [[0.9999386281076915, 0.0032004660981671015, -0.010606461938938988], [-0.0036550726665683666, 0.9990630915269151, -0.04312284304733385], [0.01045851145764937, 0.04315896390597634, 0.9990134750706082]], "fy": 3222.7010797592447, "fx": 3222.7010797592447}, {"id": 86, "img_name": "DSCF5622", "width": 3118, "height": 2078, "position": [0.31354556171977416, 1.4981336397910003, -3.141122428691639], "rotation": [[0.9974592215297525, 0.05980859512865321, -0.03870443558556142], [-0.0592359370040946, 0.9981193093298146, 0.015778089561807866], [0.039575309885166665, -0.013445307423422233, 0.9991261274512756]], "fy": 3222.7010797592447, "fx": 3222.7010797592447}, {"id": 87, "img_name": "DSCF5623", "width": 3118, "height": 2078, "position": [0.4786343741209082, 1.3379102265545497, -3.1102125436266], "rotation": [[0.9875132742199343, 0.1140744815186712, -0.10864872712402675], [-0.11031477370263267, 0.9930903438043024, 0.04002773720296157], [0.11246414514129303, -0.027542362079145566, 0.9932739976203643]], "fy": 3222.7010797592447, "fx": 3222.7010797592447}, {"id": 88, "img_name": "DSCF5624", "width": 3118, "height": 2078, "position": [0.8244813947289722, 1.4603038762846916, -3.0368314334276665], "rotation": [[0.9781371915363402, 0.13274902674591882, -0.1600791380268277], [-0.1350979911306632, 0.9908248345140162, -0.003831462218541989], [0.15810176256405267, 0.02537406566327483, 0.9870967477739229]], "fy": 3222.7010797592447, "fx": 3222.7010797592447}, {"id": 89, "img_name": "DSCF5625", "width": 3118, "height": 2078, "position": [1.0392172632743841, 1.643359546787686, -2.972084591774422], "rotation": [[0.9677426251487453, 0.1295375282205055, -0.2160885009729505], [-0.143698833318392, 0.9883014709723082, -0.05109645561978473], [0.20694167480995232, 0.08049988358062003, 0.9750358516333433]], "fy": 3222.7010797592447, "fx": 3222.7010797592447}, {"id": 90, "img_name": "DSCF5626", "width": 3118, "height": 2078, "position": [1.1751763324465996, 1.8818129560950747, -2.9142586092615246], "rotation": [[0.9662365883956057, 0.123275484259531, -0.22625209441284533], [-0.14916776251916283, 0.9836299847553225, -0.10109911827148012], [0.2100853014150385, 0.1314351858172773, 0.9688080088740647]], "fy": 3222.7010797592447, "fx": 3222.7010797592447}, {"id": 91, "img_name": "DSCF5627", "width": 3118, "height": 2078, "position": [1.2419317884103844, 2.07964341055929, -2.8707863438029233], "rotation": [[0.9692199735036537, 0.10356490990798606, -0.22335387258189104], [-0.14284744154375512, 0.9754561320196399, -0.16757071029773124], [0.20051745910513719, 0.19431840865196853, 0.9602255488441171]], "fy": 3222.7010797592447, "fx": 3222.7010797592447}, {"id": 92, "img_name": "DSCF5628", "width": 3118, "height": 2078, "position": [1.2161481220235764, 2.324099872370665, -2.8424867978162025], "rotation": [[0.9779752875394438, 0.08598514169498013, -0.190186467367782], [-0.12382206755791265, 0.97254925101368, -0.1970178924321695], [0.16802509499424761, 0.21622791161278043, 0.9617759914303069]], "fy": 3222.7010797592447, "fx": 3222.7010797592447}, {"id": 93, "img_name": "DSCF5630", "width": 3118, "height": 2078, "position": [1.235079974814626, 2.7893159014781017, -2.641469569402396], "rotation": [[0.9728260201586562, 0.06172813153368022, -0.2231572814846751], [-0.12632476309346216, 0.9492224197624036, -0.2881299221701694], [0.19404017298397389, 0.30849057618956194, 0.9312260604550227]], "fy": 3222.7010797592447, "fx": 3222.7010797592447}, {"id": 94, "img_name": "DSCF5631", "width": 3118, "height": 2078, "position": [1.3177517303524893, 2.930666283948548, -2.4870675277928704], "rotation": [[0.9651326190163981, 0.06042123040313674, -0.2546925649231225], [-0.14698962945807637, 0.9302025782252824, -0.3363290238662352], [0.2165942671040148, 0.3620392773990252, 0.906650144806731]], "fy": 3222.7010797592447, "fx": 3222.7010797592447}, {"id": 95, "img_name": "DSCF5632", "width": 3118, "height": 2078, "position": [1.4018081989188036, 3.1295298414727157, -2.2827643271651823], "rotation": [[0.9556420584361021, 0.06721525077826597, -0.2867583760081378], [-0.16966425163552223, 0.9214741852290149, -0.3494271993899183], [0.24075360405395377, 0.3825799733641821, 0.892003512389774]], "fy": 3222.7010797592447, "fx": 3222.7010797592447}, {"id": 96, "img_name": "DSCF5633", "width": 3118, "height": 2078, "position": [1.5468047033180736, 3.290225116641416, -2.109293032730028], "rotation": [[0.948428864106194, 0.05523437655032378, -0.31214075891708165], [-0.18438670105367838, 0.8971028580371861, -0.4015071687729291], [0.257845368786752, 0.4383555928109154, 0.8610227291114997]], "fy": 3222.7010797592447, "fx": 3222.7010797592447}, {"id": 97, "img_name": "DSCF5634", "width": 3118, "height": 2078, "position": [1.8098750324479613, 3.314152052911246, -1.93297400923484], "rotation": [[0.9187929813056022, 0.061760297949623656, -0.38987834397506244], [-0.22780475046680307, 0.8895748934903893, -0.39593118661747245], [0.3223731582627824, 0.45259493420578184, 0.8314044577478178]], "fy": 3222.7010797592447, "fx": 3222.7010797592447}, {"id": 98, "img_name": "DSCF5635", "width": 3118, "height": 2078, "position": [2.09918448526359, 3.151755595246777, -1.8372714420833762], "rotation": [[0.9001828394113941, 0.09573647913612787, -0.4248592498603011], [-0.2688529063208654, 0.889622304122744, -0.3691751220899967], [0.34262073841503526, 0.446549753745266, 0.8265617623855936]], "fy": 3222.7010797592447, "fx": 3222.7010797592447}, {"id": 99, "img_name": "DSCF5636", "width": 3118, "height": 2078, "position": [2.2210290395605057, 2.9168604329157684, -1.885699002568284], "rotation": [[0.8849839603017325, 0.1314140127623318, -0.4466920049187842], [-0.2905638014628582, 0.9054962132851994, -0.3092721859553768], [0.3638352199665585, 0.40349345097023087, 0.8395337799850698]], "fy": 3222.7010797592447, "fx": 3222.7010797592447}, {"id": 100, "img_name": 